homography_front = np.array([[-0.000526424554245385, -0.00134961024952013, 0.620290249196305],
		[-0.000816493225843605, -0.00107195004157829, 0.784367047799472],
		[-2.01778453633125e-06, -3.48873384450135e-06, 0.00210398511608004]])

homography_left = np.array([[-0.000729559465332000, 0.000172353167374129, -0.0728344382659234],
		[0.000513456434523160, -0.00198677162322242, -0.997341263495374],
		[-1.45590266054688e-07, -7.34723074082965e-06, -0.000880804355769513]])

homography_right = np.array([[-0.000962571370015217, -0.000199124591170640, 0.996950717719108],
		[-0.00100769117072694, 0.00342925245814959, 0.0779377343171688],
		[-5.65680118829909e-07, 1.10288529873871e-05, 0.00111107098950185]])
